7147054
1352289
2753885
471983
1406567
7845183
5508115
5565329
53228
996482
6720130
7539022
2534267
9526178
6823508
3114186
5655118
5168373
9926594
7382459
7693748
8264771
67711
2716271
4855173
151431
4547649
5205600
6510488
1950988
6929025
2939773
3346508
3354387
5218952
7327632
6551982
1534920
7971637
3957142
6022262
2801956
2504406
4752034
1262358
8993232
2323705
5443604
8877894
1735602
1016044
2767645
3273533
8291435
396901
7670482
5344971
9154251
4259102
2311401
7497704
5630059
3505809
6262223
8106629
8477838
739407
144612
8620634
2534738
5514988
5497953
4517269
9507414
9461705
9458192
920078
3482869
413390
3760600
7976800
7395366
5907234
5313544
403515
5966928
9249394
2975071
2242178
3228634
9735410
236194
9496413
9332984
7655394
135628
2844546
6746800
9283227
2062830
5198370
6230436
3173542
7488510
7429553
3758082
9456649
4915201
5822925
2659970
3795623
417342
3230994
2280533
832100
1635022
912943
8582570
4105234
9015032
8414365
7888273
9517583
429049
7719452
1753454
5244871
527920
2885313
6766000
3523037
625616
1775341
5859834
1776054
6465739
2854287
574397
8487563
1524260
8054274
3293307
2864818
6711334
6705480
6808526
3678442
6826391
2380039
9715480
559435
6969852
6106617
5838804
8226389
2239358
7991471
4397811
1325404
456343
8740361
9207782
4882868
5004299
1489735
5263742
9818286
2725926
2209023
2151265
7931375
2701337
4176846
34523
4462457
6980586
1227394
7666246
6087556
1815599
9816005
4806842
7641153
8067598
1392758
2051013
7230254
5205120
2759419
214759
6103193
2036881
9029137
3930406
8082186
1268380
2833432
1274744
399692
9703417
7087637
1908477
9854488
6599519
2641499
9857951
1764902
7375902
6362776
3407071
5325578
4039739
2294690
6493105
5885705
6153434
8307893
1330815
9790292
4424565
8443829
8395517
9959281
555349
4183846
1620151
7727022
713326
2545242
3520274
7149875
7686375
4635190
2801040
2173265
8144016
8110855
6754801
4647881
1794358
3577162
6843951
5621160
9338381
1063085
1252402
6318831
4932157
2199846
6015877
6048132
873091
6437809
2021982
2670843
3587183
7634257
3088864
4344694
8530018
5177496
8226612
7344205
7449937
6818547
5617783
1525912
2041581
1940723
5790700
3003447
2772741
8051138
81411
5059214
3662450
9493794
5838106
914776
5534431
611408
4068057
711287
2330498
509978
5012278
395313
4914878
5413765
674505
8913828
1610530
3971503
6948035
7416136
9061705
4097836
8875540
867089
490514
6843235
9423979
3097858
7661948
5864347
5381295
188289
3533194
8482302
3565101
5979096
6858686
2486094
8551968
3836599
1383115
482293
6044594
483900
818939
1285627
1252922
6837929
7730019
2136579
6978636
5097213
2819209
3917017
7789381
3614566
4231472
4678887
1119234
5112985
4762613
9986018
1733708
2625629
2667134
6711381
853726
2828726
1094272
2251078
707952
4073293
1006139
9194977
1502092
7273594
33501
2977789
2131151
6554128
9355040
6497928
8926012
873891
2153131
8198224
7713400
1991015
6159072
2019902
5683354
4474738
8712668
1513228
3519467
1951075
7682675
8257276
9337068
4087464
9334264
4974575
1836942
961770
3616636
8648554
5763886
1977494
4476996
7546558
1659637
2401777
5128848
807069
4531046
4431767
371685
9295363
4925635
1820446
8547263
5167887
9129796
779439
7552911
6578691
8151257
7818541
7550035
2144195
2509796
1508087
3941370
6185602
1266771
4430401
8349291
3904485
7739904
2426739
1802907
9276781
5521562
2859791
4043746
7838048
2858240
4039114
8060988
5041187
5390972
3047944
2923340
710136
7775357
5464525
1146876
5828072
716586
7791334
6333796
8021620
9861668
7499703
7928039
4747955
9866815
5071810
9071866
2889225
8335834
2911097
7150938
8919184
2115578
9223537
7104118
5692276
4956468
6037441
7206465
7393102
5179323
3584213
5617460
1196369
2191752
9646885
6062192
2118783
8983496
2161367
2755207
4409217
6047463
8810162
6804513
6431475
3597391
4978356
9801474
3658534
6101064
9080943
6728738
6220129
3146648
7858755
4946840
9947671
2076416
2862768
2027974
7595275
7261691
8039164
520013
5244715
2107919
9640663
2646337
1698772
8765112
3661927
2790886
5008997
7835395
7059777
1770160
8195691
8962645
2316585
1703955
8225715
1974493
8072476
8342318
9960070
6928137
7434981
1212696
8369284
9211914
2755137
594198
3291653
3548633
8338306
622754
1171869
8369760
8691833
1130647
3298871
9859702
1760190
8774814
2742863
5463053
9102693
2643602
7082314
1305732
9987324
7330503
7667456
4501583
5810712
669882
8916211
4592704
9923091
766786
4819296
7872457
5541243
790248
8650206
2972978
7518670
827086
5387358
5518045
7351346
3173362
2612898
9859404
7057085
9251202
8790149
8899772
4208576
6159900
2242338
6979267
2453104
613332
7795018
1031007
1663883
5738545
5956799
7625344
2013499
3445111
7641386
4225370
9562804
749950
1910701
3565995
370494
8702333
448955
8543209
4819477
6214967
4781479
5063230
5334716
6337499
5719791
5676626
3781953
3720694
8841006
3515665
2572400
5312629
4209368
3891876
3826074
5156837
7843819
788320
5708851
747161
3217732
2145078
4760848
7219411
5150054
5195002
604485
5342288
1134875
8928186
5612231
5793617
4859327
8872347
6025710
6807498
2471071
1101212
1817091
3466270
3315251
1643057
8660391
3105991
4795299
9188724
5693195
6529316
8815296
2584363
1064632
3707584
7243808
1614946
9361843
3076593
3880470
5028534
4056212
6819678
6458989
7296033
9449809
316760
8731793
2697119
9602763
9357424
587459
5751304
170399
4116717
1099141
5517315
6831976
2074623
8223881
834170
5913291
7867595
5850852
8811006
9337170
7008854
1851085
3456471
6668462
7181485
1076609
5659375
4036870
976926
8842450
944321
534368
2596117
8435474
2221051
1362909
5043320
3300817
6845023
9475045
1499878
1548158
4717725
8097069
8141978
1499782
7555943
2788392
3107531
9258459
1200367
8573119
7786936
4690268
3837971
8459516
6723619
5825398
5944555
5245350
7992410
538567
6859800
5458536
2040817
160602
5608296
4228757
6174111
6018002
3978184
4980321
9015121
7034236
1586793
5342030
5941253
2663995
7912490
6162423
8806382
4565280
3823870
1146871
8344731
4235718
4726062
8952105
349420
963138
7526780
6291479
6611529
9311628
6854335
9313719
3787913
7490831
1051241
2604971
9960095
9936526
5014525
7612983
7812072
6213947
6085767
2410621
1013787
3059288
2114552
634700
923994
8143941
8176673
4042389
8063344
5048056
8601150
5388166
9863006
4595434
3407673
6015817
9457477
7756612
2121568
2330200
9394491
2167803
4656406
5444896
6498157
9057190
5031136
8055884
9987370
766660
3404759
2714049
266842
1714066
9580482
2453787
1882861
4937372
9002791
916355
6011498
9253435
4498701
1564692
5404690
9410459
614699
4092242
9987098
314849
3133893
4988895
5200816
1626216
4441694
5196078
4930210
4646336
9925849
4314837
4165709
3522755
5685369
8008313
4681284
3725937
8045232
5681958
6478924
2804888
7030438
2181531
5411405
3700858
854777
1211338
3974103
6110887
4643756
4331876
4816304
6195063
9416093
3241408
6355408
1231864
5670663
2982442
3838079
3171411
3698877
7119132
5370388
398277
9482586
9963151
8179467
6075511
2973459
2453792
1318398
5337106
8058822
1354534
5677288
2205178
1100921
5984439
718275
8154022
6005769
579883
188755
1868773
5169519
8887612
7346004
3063100
7030449
5281794
5994662
6240918
8245959
650216
2108488
34744
9284307
1268480
9062237
4427455
4486083
2416709
8594329
3393056
6203056
3285822
7282799
7958156
157666
6119232
910831
5030483
4162878
6568561
4104111
9011524
9951351
5363116
2047009
228321
9273668
8186855
1949540
6522859
4859568
8720131
438698
447845
1539694
5387905
8736954
3989909
8517321
509013
7734763
8461368
952253
3496112
297681
6631572
3960244
4807625
5640826
7517326
7262889
8085602
4756555
6771175
6563605
1110600
66461
5599135
8101257
8162697
4297689
1166701
2175128
8834380
14042
4422063
9687657
2311508
3565778
9158164
4933726
4695148
6702300
1058332
5687365
7755845
1189272
6954695
7043983
7473687
8635735
2418900
8210557
4263105
3292796
3687244
9357909
1182175
731477
1214492
1274122
2434457
2112437
9669484
716717
6325466
1367472
202167
5017495
8082327
2787716
7403756
8375862
4265233
5211073
1369505
9017829
5385870
8969347
5532250
2531262
1627799
5976120
7531215
7639580
9776857
4712995
9725023
3060909
3846272
7890844
8309784
3783165
1048145
2610252
5806428
5577476
6098291
1994816
3946093
1950371
2500420
3980161
9281728
3686648
5615288
3477648
5110152
7047950
4603411
9227696
6213295
4964506
4938117
7747969
3882263
9854987
8227867
581773
9767855
2408336
1199233
8001328
8372827
7479575
8769718
2162750
3635733
7064332
7454154
5647621
6551911
7880264
5025611
956705
2617365
238301
7769552
6087558
7378856
6445912
2055674
5625107
195030
2756311
6865701
5369500
5871330
6626037
7613773
6391465
4161700
5624613
3999686
2955401
1357391
1852384
4615653
7783439
4137198
7753859
2646378
5677683
4584885
3122741
8912766
1877327
509776
9625804
9184809
9809449
2097608
688704
6122569
5560014
7609177
2682223
7936746
217840
3072640
9047431
4595104
8210940
4229208
1126406
7593950
182207
4580342
5565804
4883970
9801689
7309121
130261
5403671
4787414
3543191
289899
4578748
5496843
2397550
2519222
939881
6955519
5392190
4838670
8430645
3896516
592267
5950691
2569569
6490497
1411069
7555863
7298659
8504213
3182359
7545769
5345422
1389304
1002149
9569835
2951384
6570786
3549380
7261154
7790175
8876803
8253190
7446264
3907420
947599
3571492
6365920
7925557
8441432
5991000
8305936
8715450
6359873
5037635
8823460
1102177
776015
7100936
738096
2513711
2109466
1251942
4573991
2490520
6627546
2745390
4436884
5930489
6448954
5781806
6818776
468413
9949545
8112387
4218063
6305529
1608493
7749106
4044794
9502907
7989554
2066539
5568841
4698757
9328660
4655883
9201422
9102435
3668269
7482311
4491354
1957267
2227344
5984669
1312124
3611372
7436610
4812095
9788844
8658094
7932641
7644420
6088313
5678154
1163094
5553185
7176293
7183383
410930
7847029
8985
2740506
2046977
2962054
7562639
3329867
4148538
3931747
1141373
4567963
1322856
5988572
1365771
3354154
3691269
8766699
7875558
3635406
9518092
3691402
2422208
1907149
5262133
9840395
444116
9830427
9175170
3434210
4732515
7720510
7920056
1569925
9301076
9222151
2299180
2602324
6514597
4596296
5368797
7834749
7305188
4520415
8101301
5168171
1696521
4776234
5448567
3705548
9102639
1054907
4104378
4656842
1088085
7608609
4738588
7030996
2367228
7978827
5056825
9156182
8243291
9038361
2904016
5638920
4554068
6581189
1066181
173762
3508295
626480
6227668
8461715
1007502
2493740
7306210
9322223
3619928
1461064
8154748
6267711
2375972
1521404
378495
1127129
9839172
3013740
8476269
2356067
7664231
5268618
5250040
2916174
7977797
6857496
3619251
5909521
379009
3977461
5727636
3233693
9716595
37719
7983062
8108836
6241313
1683652
1966098
2595279
3945950
9472557
4441724
4634
7942792
4381839
4453046
3223371
8394971
5773647
162293
3455339
9601506
6899980
7459619
2631542
653969
873555
7067004
4416609
486543
8279077
5273165
224771
7453602
3911986
8637079
9273122
9113315
2662441
1148589
1721519
5211678
700640
6483598
7545934
8603550
6505036
4284068
4503931
360990
8315718
5719205
1232555
4387762
1752382
3352572
2421450
4727384
6060601
843633
1408636
6713451
6919689
4466460
6450424
5636295
6167067
1745915
4680529
3721761
8598693
1251148
4759119
6189158
3151855
766602
4779456
8276528
1253919
9298716
3234228
6760090
1718476
2925055
7602894
7510612
4838150
3228161
3825967
4605448
5416739
3089292
4753825
4276498
4066238
9515519
8764561
3958978
5894498
8530234
7872843
9834143
4644347
8619664
337688
9170176
9810890
8436698
4235717
9687545
3151463
2787345
7113083
2801821
9828530
8148743
3106014
8320095
3804642
961427
8573391
5234271
3769295
7190153
5631962
8137924
549612
9970779
959545
2128028
6130464
2177669
9615557
4147176
6469591
3757377
1191932
2246618
4760127
8121113
4586562
7491738
1684889
7744036
432572
5883677
4133579
3315098
9184417
2136525
2628684
246567
3008945
323870
3269971
8982838
7696661
8049440
1161076
8439666
2709984
5604310
1413541
3649174
120669
2459581
6587917
3404716
4690511
1625818
9416227
4772654
6994531
1575739
6523284
2391078
7958319
2322029
6662529
4174739
7390496
4451841
5271963
8842970
8397902
3358689
292255
425641
8542287
9401392
7494339
6285371
8797998
7674221
6929964
3684013
8412225
9412644
3295203
8359737
3665205
967883
8353288
4881914
2490233
6071289
8696449
4455979
9787674
6304578
7791436
5662495
7461242
7271250
1992470
3510148
2262115
4265489
4328310
8649618
2611384
419737
7364585
8727041
367471
2277648
6217012
4597207
9887095
2624531
23205
294638
936789
7107747
7920631
6149025
4955236
8986139
2070701
8147097
3400315
2198777
1831179
4991204
7642428
2478002
1792530
3372172
9354971
7298704
4969459
1495016
2290364
5961790
9627536
8608665
3078813
4766065
1245215
6810063
7575902
2020992
751552
4363880
7630452
5750515
1419267
7596603
7017463
80598
3107359
7776857
17150
4750938
9439030
3237888
5462588
2722898
3505207
259224
4395575
9350712
9412197
9945701
8093060
155154
6731688
4197542
9479834
5949306
6152559
2398011
2751806
536541
279491
1335647
5315389
5317945
6516725
5900031
4938955
5033117
2591448
2636343
1492518
2269556
443741
9543941
9517081
3294231
9394537
6931055
3779814
234165
7494804
2278150
7754090
2322164
1055573
2732839
9478436
1632794
5490585
8019593
6896106
7058263
9968771
675496
8518446
1252672
5202607
4999328
3385572
5748995
6474696
8480126
1291781
3534138
7061724
3131912
4609308
2312703
9419260
5127711
1291434
4575232
1312488
1482735
4539583
8410426
3290592
3753634
5793539
4998760
5950891
8809779
7100799
2106407
5444970
8011334
4686797
9959181
7281953
6634517
3282182
100674
8984827
6434776
9228207
2873741
8593573
3800334
6273138
5341746
5651960
4146188
3591874
2849851
4733814
1771775
5275450
7060551
2711829
4428855
9311976
1315615
405677
3486051
2269788
9963294
6950292
9502091
8837935
4654105
2742377
2421042
2561503
7348895
6733061
3634187
7122091
5362379
6835135
6521729
8076665
7191498
4906465
7967347
9224314
6583468
702400
8406278
2989958
1000470
4823331
7278568
4334624
107968
6986034
2239817
4875870
656627
2797917
4301488
2781825
4597282
7607699
6102679
7607920
3698375
7218186
2304178
1982706
933328
4013903
9641208
9437088
1335990
9652946
8871252
3750391
5118593
2976577
2162561
9893615
4677248
1588793
2643668
1785937
2326552
4616905
5291942
2672687
7007917
6532661
5400705
960066
6791215
1584425
7477205
5102049
4679420
1400215
5681804
7668422
9908120
9906030
3751833
5249759
1101248
2587928
6257958
2252425
9549134
2399620
9396458
3771170
3353377
1363911
41606
2274086
6880719
7299192
4770478
4106203
4729238
509570
6189600
1210646
9592565
9535025
8005728
6732624
5377779
3503444
951969
1588205
1075558
4186916
760614
8438689
9925840
6611255
9796950
7553425
6996534
8792187
7399904
3960855
5168383
2334350
8807085
5121780
3594319
9846582
7802141
1926810
4137038
5866143
8225372
5761719
7988882
6413752
62507
6526415
1866249
3810126
9937849
1991235
1221748
9250467
605980
4265223
7207379
4242225
6916246
4452838
5116592
9303597
7414512
401337
2000198
9781745
8924222
321244
4743099
6857977
2320835
8757751
6358183
5004611
2390451
3354345
9185343
4382621
131186
1847378
9325787
5447999
7256556
2738568
5029585
2100472
60279
7816548
6763649
8374667
1384079
6657472
2608755
5151602
2146566
920345
9461968
4078567
5754477
6550034
2411863
2925739
7254311
8293440
7905661
7915341
6968434
7181377
2149323
7583375
2320937
7073772
6356338
6382925
7163692
9813054
1471441
2940547
1816493
7176207
5656063
9714177
2634544
1654121
9810372
998233
3054113
98077
1216593
3431974
1189370
6550898
8505464
8467737
6016344
8905160
9137282
8769733
2401515
8653843
2211811
3898863
6978731
2410986
8966662
1957013
2728401
3107598
415856
4155719
5483938
2193388
9292315
4147585
9918821
3843089
7167389
9667724
5541238
5394946
54161
6112683
4661272
2050609
8237395
7446579
2163831
8209401
2155651
8198475
328379
7381036
3411004
5439108
6199789
146891
249230
591011
1112321
9707167
2131036
1304096
1848567
7981434
3369821
9993014
2691215
490389
1395840
349425
6365563
3874682
5498265
4555506
7151768
5111918
9671658
4876322
9988834
3854062
1904205
3644173
8754989
3580475
8851346
3494860
5227126
7198822
9055722
7552222
9405961
2719477
7407318
1121516
8896822
6677918
4318459
1387355
5677952
1202678
6415715
3815592
750238
5796456
6071103
1123513
1046173
7027527
4275020
9677670
7880754
9896219
2764826
7091879
2529201
5811350
2360637
5910270
5632636
6335935
1565813
111218
7179845
2380342
6505328
7589771
3960618
9852598
4627597
6695724
2812999
4727533
1613135
7027841
3928762
7303130
8577642
6289791
4026034
7140805
7214661
7448685
8703716
4505289
6546022
7279187
8155787
723492
7678068
1438783
7302080
373422
5043316
7391180
9452550
5118613
1247974
9625466
3175426
9960241
5346700
3984774
7537713
9416532
1160411
7077454
9625547
2309128
6001284
4943306
5748169
3243236
612381
8080586
7604256
6584931
7055774
4759574
8485820
6266707
6849598
5886344
5955128
570899
1060054
3977743
3314256
9623981
4361088
8452453
2140084
9909437
1056190
5250240
9009460
3314489
1922067
3361061
8583165
2977753
6733950
1522923
8374932
9171019
3291554
4432327
6317125
5519641
2627660
3048727
8169520
7522726
7624458
8349784
6343847
7199444
3557114
166716
2085141
4016987
4510002
3592255
1273812
5004715
4256645
6135449
6057534
4393878
1243736
140212
558301
2808212
1435351
7401967
6632065
1681225
3531987
94715
7447250
7237176
7488676
6808494
2798441
5268805
8049765
2358782
7993488
8040967
5780857
6927453
9633416
4588468
4142725
9365149
5809746
6959311
7796247
1565607
6646131
7524013
9344967
7168285
4228132
9407886
2282905
1093737
3805969
8418504
8935523
3425389
2497000
2761088
6189583
5871608
3793963
3242239
3030911
9671860
2461297
6774595
148298
5606979
2537724
1283658
1112055
2359602
9353027
433711
2239752
6190409
255142
1153858
399019
6684534
5855151
3533228
1808153
2771085
6883512
5187724
783939
164410
3144430
8859968
6863007
2626746
8303792
3063991
8955708
8516163
8595513
1737877
7553164
7318405
6821282
1252475
1742008
8537556
4884342
730049
5367600
520018
3535930
34680
7387312
88679
8927339
6998456
7357420
501867
4578835
4244463
3138715
9658343
4907138
5022517
3158274
5466475
5215721
9329924
6050616
6530791
8551666
9046895
2867684
1586828
1363444
3706197
2415909
6841827
761751
9424795
4425086
1317125
8219737
7397143
1747861
1882455
9062740
2648087
341326
8589198
8451439
6417424
7961783
2279707
9825478
5723098
9564874
2264140
3746317
7703427
9314166
7050025
7054088
3694430
499839
6406010
806562
6517208
1098291
8016938
69019
256774
6523818
5123372
6729272
4831393
2733614
6913331
7487856
9574277
7877538
9447620
7673724
6939656
1841200
4824034
9347241
3457181
1602180
2009036
7193823
1609757
8263518
4624673
2616748
1170550
7885644
5292852
4240775
630529
7179197
5533489
4699931
5758505
8781089
361218
1707619
1656012
7013330
8223775
140702
8763792
6825291
8157632
3235604
4297598
5284060
9322654
1725085
9814709
3601780
3802914
2066830
3661090
6323540
4035539
1533921
3654694
6246352
6078934
1488944
2483667
3145588
6874328
2870955
8970416
1400394
3803783
1551302
9438146
4585168
1735554
7507785
1744349
5801890
3497027
5589507
9481753
7962959
1296984
3344527
5898192
1569615
8454410
2122515
1211111
7733678
5901328
4969333
7450072
4813617
2534056
8904806
4260302
8838406
9437403
2602534
3592768
4195484
2314588
2807141
5025103
888578
8904723
9283116
7878692
722031
5853667
6777000
8552199
8824822
4805875
3489808
7813875
639151
9427206
8030040
152282
7957689
2900863
6690280
4209418
6904158
7221016
4130638
31774
6030102
1422328
549072
9547773
1549446
6692241
9961307
1840886
5580741
6919298
7185868
6351610
815611
1703895
245973
5528124
2547191
5972620
3850942
4720802
9750522
7362054
960716
6371446
7154773
1190867
3588358
5383698
8665607
2824195
6524593
9031526
8767025
5738480
9727144
4114624
3664252
4733755
48311
4397959
3746144
1425408
5066291
4223610
2858604
6157478
6521825
8581243
7238386
656910
283658
4515183
6978595
240131
5078402
52771
7472993
5521905
8294654
8014266
7826253
6230040
269343
9277167
6220363
6313125
8915103
6050819
8225987
6903534
4984105
234850
6976098
4646503
6703101
9314342
295267
5881184
3103759
1962929
2811185
1887092
9816359
4729920
9233399
1838771
2345864
1331771
346181
3340423
2779676
6007822
464625
5493495
2226162
4532025
2735135
5730747
6040636
1002637
1566615
8950704
9765623
4078385
3202551
8414940
5716594
4924641
9403064
487449
1918189
5920368
7070153
2876445
1387648
3660018
9123537
2517853
6305148
7485213
3952982
8477434
3022407
5433510
3262295
7304619
7152846
3647982
7896814
4080647
4540757
315180
5594152
1221203
4526522
2898058
7382412
4838252
5522866
928465
6938374
5195547
1292150
6711430
2899891
507124
4766808
9906660
2934646
330278
4844531
5318240
4969408
4022189
3280337
526004
3819726
7366580
9211754
8666000
4058499
6639115
5528362
811331
9174784
8793992
9173707
6376682
6315894
1987631
4195648
6271402
5131409
7527517
8704423
9861236
3056128
4579976
559822
5838919
8914223
5164148
946035
7411947
329621
3491457
1493514
2004458
6270737
1644222
9161123
648654
5306722
6894575
363395
5751265
4954761
4600301
7120757
2657101
5440000
8629022
9659836
4868610
7464895
8804812
5647714
8502409
477425
9092909
4992376
4027715
1940628
364999
3690969
8700922
7492526
3191830
8871715
982010
1658887
2670415
1485611
7524718
4596454
9492408
4288862
1961790
6066089
93207
3044774
9296705
4360297
3929498
5146457
171017
9982115
1762209
5609451
916479
4576664
534747
7109743
5846153
5249471
9812867
4823620
156032
3798920
6642149
328294
5331708
6415727
9478897
7578602
447866
6701081
8632518
1969369
7556266
7740944
2331528
1947898
991721
278892
3921379
3258054
1937726
6362702
1695010
5642025
5320758
4012404
3585978
7373951
4139366
3562210
6913532
2412296
6647567
4112400
33645
6266606
8846396
4093559
3294023
1473083
257785
7882868
2490452
5978955
1932149
565772
5234291
5679777
337193
5354291
2284675
6985788
7097856
3789610
2035717
5295989
7685072
7900349
6298864
9176879
801816
3892649
4753736
3913863
9311837
3754189
3215880
8158077
4177438
6070143
5249933
9206449
4654998
6748969
5230510
5111409
2770009
5490364
856522
8497244
8446307
297494
4574077
2076332
9141351
9347087
8679014
5861348
5864734
2367851
2787244
8045582
7960774
278256
1907742
9760002
2722137
9900929
9802226
6408234
1967885
1636687
1605310
7564227
1742439
9845326
4248701
5487476
4677797
4785339
1018859
923528
3343486
8477467
9217202
7836545
759399
9725475
9461560
5641405
694031
3409959
2035775
9066985
2947167
8359885
7512836
2803727
7193376
6587927
9880793
3937477
20188
9370236
201406
7658535
3300823
5816592
1721195
1113233
7639460
1066540
5328622
2977900
2325935
4240238
4828256
9806791
9250672
439619
7712477
5223106
9149970
5821022
9044632
9179538
2914425
9900092
897584
1175383
9303553
1576615
2170009
7012437
1596872
8068439
6081096
8797322
5242617
5003630
2696489
7980958
3383795
7316577
825776
3427305
7574906
5184399
4830665
4725738
5549120
2039710
2893357
3362678
7107146
2810279
5870098
1233307
6350918
542797
4327391
438940
2017349
6666876
4529157
3720287
7935851
5732111
6601355
684870
9244585
7157685
6003217
3069962
1397476
644296
768731
3123292
5697721
2521555
8266954
6508654
9286778
5089123
6447876
1103269
9917940
9663163
6103075
7887538
1909316
7684052
5179213
2463604
5936820
2297138
6210520
8396889
3559040
1146101
2058539
6211362
2420749
1691956
6595045
4142404
1104434
3063696
9369285
2528291
4869276
8838388
1452082
1179341
341038
8039624
5868649
553764
2464753
2762618
2707493
671027
5403979
8493546
2251648
5322984
7347847
4015350
3756103
6132063
9708504
333479
3045917
7387774
223256
3926091
5230968
3330704
1156907
6530305
7420279
5301054
4389478
6337084
7518805
3829741
2420460
9102980
5755575
9712864
6201719
8864873
9232461
331836
3701934
4925879
3329169
1728942
7402828
1959454
7805388
3315982
1803636
465276
2111929
7157833
6298069
5299735
2245045
9319114
2350739
1065912
6128348
898139
5215320
4151998
2496415
2573635
2406422
593672
8922044
8248409
9710364
7537139
9758489
162924
8695749
1032455
5524116
7806004
5021399
2234965
9481536
6745335
1143669
3735309
221615
4965363
4698161
8631195
5094893
4978690
3127496
305725
8003284
4663364
8042318
3627177
2193888
2838789
509300
2892105
2297015
1460711
7594734
634052
65246
9460436
4205748
1546657
3883840
1808587
7627243
2704587
5181071
5691049
4974376
5898010
5077990
5423864
4090481
2183470
2003738
6614554
2151983
6837674
6949542
8322620
7324214
8173162
5986423
8260838
6795027
8274988
7304968
7966599
7679861
7956703
6438395
8569604
4021592
4596907
4482204
9228700
5281655
3331103
1730054
9039917
4060703
3733902
1557650
6880851
55002
5628956
2125412
2774728
670002
1040373
6311095
7098921
9283071
9353304
5849632
9163053
7363279
7041719
1193922
9235075
9521263
3131497
9932027
7259173
5790479
3008955
4074923
7680749
6475233
8545240
626953
2982577
5762329
5660371
2132249
789805
8728448
7251270
2630096
4650342
2797901
3603620
2665000
4945444
1517487
7225539
6672907
9491756
1046249
2740713
2534351
6974040
9786468
6126887
7679314
9504263
4077541
1719740
2923565
2141636
9430296
6714937
9181903
4287237
6336384
7231818
2628921
5460722
4359473
243841
8379316
5289045
5654025
7189947
1187017
7357525
8560218
7390706
5812261
4678973
4268242
9368500
4511780
7766909
823898
8887495
56037
6459575
2721905
1719147
818803
1633975
6825768
9797397
4011683
736917
488551
5493888
5354043
5523002
9416125
8171238
2784861
8551548
5402693
9971940
1231937
6789739
5370599
8537174
7319595
5229122
6682113
6627363
9470981
300628
3232393
4748417
1762280
8670606
4732296
1030460
9217039
3002747
2430386
3755911
9739696
3610031
784374
9605028
1229517
3953888
4099511
6632450
4982292
3968596
3555729
443280
1554407
413550
1107147
8491955
1716134
6149052
9394115
8303190
8381740
5302990
8084820
9369916
7901478
2233735
9170417
6053026
5972830
3179765
6264439
9599131
6038352
3559666
2962968
4421584
5100009
9263199
7716256
4317201
2966856
8630449
2907215
3667143
4503263
8479748
9161900
237302
1167111
7179626
2328955
66383
1700350
3900353
506660
8424311
3171030
2348958
4710866
1340558
4950630
3796031
4095659
9396279
1841189
7287578
1826656
9386050
4765728
8098735
667573
8448850
6622018
7099703
7991510
1035806
669470
3184637
2581339
8661319
8333410
5203680
9422783
5857829
9559306
7425633
9110075
5243504
9036098
8288596
1815134
5987261
2512614
7555081
8935351
2913518
2787156
5073117
9141270
9663753
5034559
9688200
2242400
6416803
683044
3458054
7388930
2391241
7777828
1697106
2485350
9570202
3637098
3069276
7669188
7683764
3938325
1381069
1552061
588051
2997926
1504910
7508351
2831228
9499250
2750960
349198
1204302
1099768
9471256
4954125
3744316
3107012
7701527
9400655
3493794
4102594
9589517
6972974
5102921
7779828
9228426
3014721
7610953
1847601
2308378
2264801
6999284
6592236
5320565
9031371
8330111
6235487
3497185
6625594
4498541
7952235
9525860
2736681
7030270
336244
6441176
824330
3799556
6566642
2712224
6616493
383817
9591003
8360568
1036047
4668259
8217792
2193205
7632454
9733080
5826561
5030289
2659480
5109294
1630516
9345549
9229783
3483819
1506317
3880410
982245
2260161
6847785
1159001
594309
1487794
1734512
150931
6972930
6996243
5367110
920623
3647032
2689939
1046606
5909679
354306
523654
4332748
7590344
9088891
1250410
2209079
2411567
9083712
7144939
3830919
160956
4183849
591605
2301889
1424646
7786697
5139915
7649495
5903544
6719914
1666470
5533665
3929560
9968101
5625027
2911773
9176047
4896422
7028195
7461602
9922467
2627703
3637546
9490810
5432957
7560268
4065559
5388264
3630484
5090843
1016510
7677552
9783149
3857319
9177280
1565986
6432460
9185063
8712812
2827446
2258073
464469
2624515
1888355
3920035
8006273
317152
3872159
1720346
6822650
5720071
4983371
1020368
736750
6553755
1742940
3693241
707526
9942570
4976779
517621
1823209
3763251
1275392
4562447
4393539
7892483
6708351
3125247
3441526
104168
6369697
3120717
899771
4905346
3463126
764428
4274774
3594844
4399957
7472663
8746610
3215064
6868000
5940782
2553221
2329142
3475928
4292199
8396631
7957691
1562099
3313650
6395381
2195185
8816535
1247723
2431228
8891699
31543
1814010
6571265
6454565
4242607
4490428
2584673
3392356
7462413
2542298
3866319
4065375
6557578
9098433
8772382
8621151
3505526
5707520
6475001
492077
6299100
8107277
3952014
2757859
2313624
3278046
3475394
2253028
7679960
5503816
7492803
4732225
1778921
2339110
8200479
6523800
34789
4408339
7334732
6689262
6719654
2434915
6988235
3198547
1121400
1783873
7017695
5424591
2202110
7897987
1131436
5593382
15283
3706157
5696053
7835876
2840222
9707965
7868330
3624007
6788083
5559388
7176445
7787403
9063906
7077246
586628
7237542
9163801
8166995
4530546
6758839
384352
5925662
1914117
1568094
9061867
1335225
859466
5597988
2348436
3730853
6246112
7022387
9046945
8498709
7750829
9268809
1010644
326897
1355664
642797
2981268
5417170
5838932
682461
2891663
3741130
1035133
4980375
552906
9662777
1996870
7075131
1336104
3771097
5084494
9473077
453936
3731355
4955762
4234350
8771174
3605518
6119874
557019
2632456
5161099
4743464
799893
7906093
8417568
795405
8680844
3613515
9814816
5718263
2428573
7730626
9068359
6542553
411731
8205580
9520961
9090243
6764720
666107
217366
948327
7118894
4937744
6170019
34294
1315440
1358783
6178259
4878003
4287059
2891324
6426614
7997106
9765275
619862
7431246
8496467
8914799
6455795
9631098
4701831
3917866
9100995
9924328
6587407
7758478
6596161
7202298
3284167
1779173
3251257
9409950
7553294
1282678
9038563
7412694
1319305
724007
130391
5675750
2919864
8532571
7135278
8895886
3954489
2604388
2316157
6020612
3697513
1860599
9391078
7573327
2348919
8008188
4631518
8845945
9747132
4282773
5827822
8744034
5083852
533574
8603363
1253963
6975285
299810
2701357
5883464
3890222
688370
3470489
5673503
1066696
115810
2458525
7715876
582190
9845452
836559
3057647
5769318
7004400
9552613
3581684
7745922
635308
5459724
1638635
2892510
1799401
2476702
9161506
969282
4457763
7901976
1997185
6232636
2118178
3044086
1879295
6807399
6265337
2619715
7913484
7889632
801879
2654295
7128867
3108766
5366245
7663840
6447410
6217379
7260140
1802385
3260846
1884973
3422112
8999679
5802630
1937262
6110473
3557659
1155516
4283071
2432151
3825670
4802595
1413771
2076518
9713709
9424816
1056182
6648224
7262556
8644558
7965624
9655363
7774997
846975
9118896
5102372
8535407
8090495
748978
7502734
9543031
696745
2334466
9385176
8967206
2044515
2719013
6618130
7244713
448745
9633199
6179504
7416330
7122240
8488251
3601194
2639671
4409728
8666048
6912543
7955003
6284851
7321300
6982036
4102514
2373278
6918414
8748514
1005813
2307977
3573617
6694512
5375871
4643847
6142
6686182
283060
2707684
5216417
6683954
7376138
4867612
3895868
620206
8426524
5623292
7865561
4901754
3284652
4037176
8469772
438746
1171775
7258134
4909087
4633806
1945734
3994385
1691077
1849881
1792639
4876883
4109985
2307358
9935235
9888681
8668806
6291308
2609799
7882335
7936585
5001731
6501743
2560878
1329644
7588826
4798073
4249747
3371007
8608513
8895206
1957360
2263837
9128425
3047122
9953769
871280
5769539
9468782
2272519
5888449
678027
8449931
7040787
4469287
4534275
3915300
3250158
4648620
1233339
8658992
3863404
5776598
5781237
5627459
9613388
4534739
1543415
2267084
4346993
2264833
4790750
7127833
4679419
673648
3618120
5393168
1712222
8012590
8881565
6989437
4723962
9450179
9930456
9315167
1184990
6947760
4119345
1699724
6252526
9438795
7926993
3200113
6002316
7313742
2936629
9976081
736501
2502305
1413736
8582648
5542114
8832497
1464600
3149818
2778737
2494014
2290779
6011589
2470380
1028645
9489445
6384600
3172097
2352736
9181301
8492232
829061
2829464
3547436
2569538
1761190
1019154
3240289
5501695
3834411
4296751
2611325
6173752
3028195
592509
3293605
3397437
4822041
558807
9226416
5932110
8553643
7816014
7384018
7522303
8169595
4151195
1493744
697845
4342253
7408078
647193
2024203
618542
9035605
9818092
3604289
1804437
6082340
6193935
2051118
5394369
1875535
4425093
1929770
9822262
7326488
2216893
8034267
437877
7357605
468556
3359057
9225767
1201327
8309477
9994140
2807318
3406060
5519159
7651963
9070654
1663333
5196069
813923
8169478
618249
4471917
8049853
6812343
152332
8516086
9892702
9903819
1934316
9422757
7046557
4756950
6971328
8382248
367969
6186139
2519026
4884848
3070669
4254763
8927746
9717288
8119510
5031063
4009579
9932506
6901343
6233861
1638016
4805497
9915808
9205334
8838245
8188463
7186534
8032033
4964283
963104
7536810
8629064
9364496
5584599
1662874
2536948
9529041
1456377
8929394
2325722
3574964
9159778
3316076
28962
2095202
6415171
4350576
3249841
5399075
516246
8915424
7535504
5225629
8526854
5005579
7999249
4249044
9555170
5780890
9797161
2191625
7459581
4544693
4607090
2092895
3353413
3970279
313780
9444976
1422026
5814563
9229310
4569915
8010233
6162058
3293126
4781579
9274450
5978074
7007903
2221025
8241384
4018396
8560984
2427073
7776854
1201981
8696493
6690856
9032765
9933210
7288551
9063014
1906261
7483557
1701700
7990488
242585
8308111
683823
2455406
4416590
7693602
9106314
8018037
3315255
7935171
4057495
3602244
7806578
8488274
8304625
3732648
262588
9101157
3535527
2178691
6439639
476740
284454
2109050
6575792
2351022
9694607
2838532
2246812
7786880
5298796
8481878
5778805
5999229
7892048
7883343
5655656
6563027
355830
6466750
8425670
4219268
3894403
9393199
2980259
507339
7230918
4364662
2972144
3836299
9402436
5151649
8340958
2266888
5790786
1776141
2620519
9807682
7434172
4978268
9717629
2636967
2187668
8211794
7613022
7100254
9260471
3483465
1545352
5868339
1226631
8146032
5388519
636647
1891789
3134800
7605985
6468454
9225285
5192243
632717
5151104
5295472
9664883
9440370
841361
8929818
6122621
2179322
9820715
8285667
1568462
2783598
7040023
9590303
6491644
621404
4051365
4202741
5054144
49140
7983104
7247340
5320277
9872747
675351
6649816
2595893
6941301
9631836
157835
6525233
6030379
9808948
6447077
2349200
4223390
6119559
2170002
1869853
3969190
6590921
2671348
5098983
7836538
5868470
528995
9628097
8494907
6072802
9613255
5372349
532362
2338397
9484509
9164694
6853686
9901292
8186033
7815527
9336192
2928180
3373833
5249905
1919794
3784637
8540928
6199472
8476112
2755106
5872140
9424308
1335078
5427130
2757229
6137376
1173068
1708760
8023031
3353775
7596650
5911911
5201341
4161745
6970576
6776619
627645
8601705
8754427
7071564
2926044
523949
5230787
3594027
6514297
9887117
2840119
2205925
8265228
6905997
6942737
8316140
2411051
915836
5903476
604556
8634577
5391740
3251559
7865553
4696948
684376
3253140
3596628
7343415
9769890
4957084
3421147
4404166
9390657
4788398
5628464
4702754
4158293
4814738
7321113
498013
8528700
9956554
1916290
2865399
2620891
9638982
6885065
5168963
3270181
7010286
7931520
7082505
6162675
1329885
2576521
5404385
6676410
4929179
6793394
2304249
7550542
6145474
2483059
9902296
1031092
8642012
939058
9940672
6723781
8845778
1993121
2975652
3268683
6578594
9041782
8257054
9744674
6763166
8560997
3941736
6657354
7955057
9952614
92901
9112519
9134843
441585
710261
3174839
9239680
8838448
4045025
1198099
9714620
1487288
5019314
6840877
7065911
1999493
9531675
2670086
9384460
5366802
1497119
9874864
5834330
1057929
9415508
9722230
2445261
9004985
1791414
9234738
7901781
7225730
9619771
5644451
4933684
7606835
5423599
4569649
9486386
5258062
761164
2940079
3714352
2083834
1330217
1036527
5649061
6340063
2926673
1362939
985394
2419601
7508003
3820534
2360767
8551659
3487080
4347165
571509
4510872
654987
7025708
7474161
7197915
9522484
5958424
7222965
3519712
4928656
8823864
6648161
9408591
1031130
6544326
1893766
5693022
5628609
7005342
3139017
1929592
2303480
9120739
3651289
9554235
4289951
8691563
5459546
1341630
5430708
2977923
1452750
2792928
74299
8668924
2739557
2852051
1811912
9804637
147419
7432228
6518475
1455315
3202516
8158720
1486185
5762813
4306365
7288067
7184327
2022927
4264487
7721418
645204
5613634
4276343
1309521
2597975
8856355
7255186
5819782
9270306
4216821
55507
8622514
6512261
1523454
1145242
9872779
2395724
4474056
9595559
427650
7144651
2083566
3600517
1093982
121403
6969177
2314883
2354918
6835871
9600486
5671412
1117152
7091843
7165913
6555073
7453310
1845077
1519972
2765387
2432419
1562356
1044376
1985162
490564
5775734
6172875
8714429
3527496
6715402
5235717
495632
9414836
7637043
3935303
2616137
9248037
9147072
6558755
2750532
8351002
7734536
7040649
8209580
7794330
5535996
5778771
5209544
9400584
5517394
165645
373491
9998506
7668323
612106
2276639
3720948
5472752
9972159
1097680
4158548
2031417
4446360
724382
5640992
5256621
9413211
664173
6762900
35792
9703657
6891297
7674255
4895459
6400919
9173786
5255583
8656929
5117598
6778692
4335679
461338
1488762
5396562
3875199
6015005
5469122
5260585
7524089
883043
2797662
2922687
8498940
7926677
86693
2876584
1015508
7734568
7370703
2785799
7811280
6427900
8570787
597141
8029855
1519688
3501481
8377412
1488786
2046197
5888597
1043027
3223135
5448975
9736851
5898278
592573
1710222
5874748
4673194
2347475
5050809
6292622
8043965
2490930
7013175
7870251
8573163
9865842
4590748
7152789
6332079
5316446
7577117
1724158
2612983
8146220
6638090
4822370
6125698
1472276
6308741
2521764
1996704
7461065
5221645
5913780
6634527
499318
6221465
5492543
8167738
1045240
8921912
4534544
1574452
864643
20368
3788386
4246772
9729765
8416844
5670098
1522595
5985293
995210
8094180
2699663
7285391
1429373
8220857
4875745
317236
7008457
5589934
2364636
6727483
4712890
5396361
8244416
9860665
7249710
6916232
8466105
5479426
7985152
7651503
3558744
6039841
3126303
8299764
4471735
984669
5748846
2477917
2133174
4135521
4059262
3055458
1148069
3882952
1449364
6889597
9560714
3416860
4575257
8848253
2692552
6931874
8267390
8657027
6105051
7577563
4680262
995580
3828083
3802935
1946706
3462110
6689933
5626675
3451508
8702451
2428264
7632293
5878366
8785438
7007821
9117090
1324882
59336
8209072
7726846
7212371
3266056
4835416
8445239
4698058
3076963
8737250
2142616
12971
1359250
775866
7146497
8456366
729915
4036158
345687
1910372
1679046
5457824
2039974
7006678
1902979
6500627
2397929
7197315
5240915
9890840
4336234
1975994
6713601
8153668
5807868
3516465
8837602
7563302
7918245
3635801
4033703
886755
5574611
4278103
8312221
1522353
1451930
1058634
3236281
7549293
7674694
1248265
3566157
692268
6570920
3758679
7403585
8082954
9814396
9284073
7616922
1023059
8390159
5688636
3350632
6433008
8772363
8206348
4610860
6046028
3802596
4447406
4520793
6407314
7542588
5920747
2233985
911201
3160227
4853285
8091606
2793008
6391457
7071758
7347655
8006275
6449476
2884846
7332359
4196675
4180053
6333570
2704112
6919992
1254661
5006596
966100
4812952
1590388
9959278
1419132
3175234
9138768
6476434
3485062
5776863
404821
9948875
3229080
4881678
5736842
9230161
2035649
3131679
8238273
9216481
7287537
2812169
2829627
8063363
9576730
2895175
1028654
3842680
7348346
1314226
4655786
5311704
1029942
5224242
5819316
6369733
9763929
1468886
5102196
7118277
4757516
1126217
575530
6346346
5835360
2525254
3455766
3097129
3683630
8829068
3185435
4647178
5472863
9014255
6625833
6073931
310789
3284852
486712
7972496
2844106
1545115
4384939
2661851
655027
1422434
3014418
2521241
4533162
1910513
1666606
6981669
1839298
141696
1726467
2187482
8762339
2224522
5748955
9570248
9464132
738066
2278368
5248125
5507581
6463081
7718953
7609576
6929813
3886546
1271500
7180544
7123098
2941
1920081
7603807
1494018
165604
1691979
3037224
4542266
3833377
1585697
1517732
8991922
219054
9747501
2458791
4107005
8494081
426262
3134302
3960076
1416491
6574091
6891537
3453873
245710
7451148
776988
9957878
6478755
4354609
8250626
8753096
4546385
5120038
3501729
5116625
9449861
9021616
1288515
8922222
214265
7162714
8886235
3816939
5488521
339515
562025
1874269
9252244
5521347
9626984
3562067
8372466
7971732
4990399
600132
190709
8477397
1115726
1936006
7677205
5532854
2450006
5534461
8372328
8622124
3514038
1008580
2746564
1562500
5649422
152056
7113922
2699941
2349501
5290134
1494258
9097161
5453477
8063910
1844227
2729765
7163746
4816691
5875754
235753
5253918
5648906
7836332
7071410
274333
8008334
7730711
7215340
2369623
3212328
5387229
27664
5333914
6763181
325311
6851674
8375642
1371179
400475
7842291
7177061
1114530
7105955
1908612
5709681
3768392
8771016
4220478
3564550
3658049
3350549
3701609
7999656
2428641
6622694
4135487
1494590
9017977
8022014
2713388
5270352
8066190
1518636
1409492
9061315
6361794
634013
4441600
5038787
1075538
7378016
7695000
9493270
2074529
3625630
7540460
5530808
228848
1354273
9128926
4374268
1275115
8218748
4600248
9689580
551878
8601428
9880080
6606093
649798
3433985
3507984
8443145
2273233
3636133
4312462
5365838
9751518
2027272
3792169
1135715
5636480
5971801
9212073
7785236
9049602
2117435
6045748
6296656
3419767
806955
4012755
2989311
687012
1083333
8932662
7760903
955559
9522478
8915601
2993603
8593912
3077419
5057243
5098188
819558
2799907
2147499
1792384
5344806
2609467
194456
7087125
8252022
783596
4265486
5650580
4935832
7749768
2579298
5869394
6017366
4543566
6387924
1125400
6128411
8793274
7882919
289375
5090146
9391321
3488273
5909488
3328144
6908887
718201
6825959
5192624
4594445
5241058
1767371
7436526
1330281
8866837
3383357
2605414
1049194
1315648
3211012
6852740
2734918
854499
1154653
2061831
1796681
2919756
3303361
1784641
1652985
476554
8401428
6838843
8917048
6378321
7419787
8202851
2162327
4111876
861516
1311796
4414940
5901624
7406657
2283589
1013361
1652360
1900606
1397012
9417851
4307619
6867561
9376761
6547282
9404567
9393325
4462392
4489697
4480267
5548400
586189
3369182
4119202
1048562
2945006
4085730
9273598
3639380
4582055
4616119
3801353
2390825
7241256
3048870
5081977
3907139
2856683
5365099
2559469
4241265
8737092
1915307
7450193
2097865
5633838
429009
7089876
341858
6669938
4631479
5627035
8560631
5873216
8364058
8436573
6977010
6869628
1519758
846768
6166072
1407039
8318476
3743948
8799587
7250801
3754606
6015242
6302401
6176492
2137694
3718346
6493054
2894175
9976902
3003259
5419518
7229558
7451380
3177610
8280378
1609078
327475
8827029
826970
7760319
6894792
2728055
7873291
3974868
4232612
3677910
2377701
6361492
3205829
5380603
6679995
7119730
2355308
1332037
3882890
9634705
6000549
8818899
3444324
6742110
1588781
9778207
8882997
2987539
8185879
8828268
8718759
7885066
6316467
2522887
5327852
9439533
4117639
2406519
5335095
3054620
5689333
3887915
4500574
4893010
830807
7007519
5515056
3349645
1573108
7711255
9840162
2586368
7917949
4527175
636230
1171933
549504
6162876
5016756
5343034
1207845
8257012
7237496
3425435
4060650
1086625
8958787
8633152
3396396
3030780
1329382
4326624
3377035
8866605
9718111
1843895
6282981
1253722
1074662
9576931
2227376
9550018
2275950
2250156
2941513
5286076
190106
4152075
5222072
8195720
9759449
8071846
4614929
8979474
4144949
6589108
7193901
4265783
8669606
335572
5837404
8865455
9957496
1064329
4242963
6047697
2118348
4850622
7064460
1982161
7596990
2783472
6568245
110374
676795
5655200
9311014
6521259
9280019
9030895
7506427
3648263
4206812
8784916
6691551
8343532
2492246
4451122
1084279
9581776
2092581
517970
5261743
7286620
8841426
8003526
1942886
6859324
4121859
1574857
271292
9005298
3177273
7705350
8422129
4575267
8469973
4389207
7987541
3717197
5873144
1918374
3839455
4618204
303429
5926741
4561800
1851490
4253857
8832776
3177878
6279901
572664
2265798
7589718
9945117
1793664
4985631
4011279
5485718
4542471
3182368
586276
6125770
5759328
2121006
3987576
2937852
5001983
8280300
257790
2331523
5220804
9515584
7985548
1646127
4269732
3688104
1344500
1652463
9391623
3473388
9452610
5821910
6715335
146461
7478766
1305834
9008393
8020809
5122679
8574760
1510308
1877070
727364
2546060
9783092
5116054
9607183
7655037
757271
5473637
5699692
2821056
8098484
1684780
3858298
9441871
7378635
1193400
2629500
9876940
6368448
5780354
5652728
9688435
1519429
7252499
4636187
7699107
7964816
816430
9356983
41761
374320
6639166
5484262
9734191
7683619
9027997
7515984
6175248
9356023
8686569
4058500
2714572
6330008
3392227
6166447
9837143
4351266
8887864
7107023
5467084
6965734
4252438
9065522
7015440
3020782
399541
3378995
1896431
1186979
7658907
8576906
7880537
8648881
6158891
739216
654223
5136568
791066
3183482
8848930
5411840
3961590
6031087
5666552
4327469
9928192
7078298
1037224
4804729
9885658
8543435
1885552
3343908
4855213
6887507
2731467
4063388
9194055
9667205
3845662
6128767
3356528
8856636
881156
9678507
5074193
4495721
9982442
7117347
9054060
7194712
3672866
7419497
6706209
5591440
8252761
1147095
9451235
56369
3686569
8906709
3271338
8550104
2711249
1932681
7115548
7823523
4441877
4345175
2667905
4171440
3690351
1971693
9289228
8418767
4147357
6047912
4514729
424025
2769332
8637465
4597469
1484917
7579537
7330817
1835989
5334016
5343579
5263636
9191879
1298325
5119039
9581174
1371354
807977
5712430
4818797
7600986
5409173
8443887
4914283
569382
9659643
7025998
5533391
1333631
779961
9809869
2105491
1443353
1904311
5014363
4039484
4182442
1633584
7572645
8662543
2412011
7499807
9597146
1004527
3826524
1765994
5086355
265810
6076826
6390274
4510158
1674822
4043077
5084329
266485
9709016
1099061
4028221
5736814
8275162
1396801
5833963
7103329
1273089
2622666
5188429
8149167
1989490
333408
7401629
1185918
4504295
2166076
4587817
2717933
418079
167562
2063656
1360703
229359
5294408
1653716
2052345
1435679
7579285
9431763
1818205
3937092
4972593
9736419
614276
4654083
3364793
8138347
6962450
8332061
7706021
1270162
1092897
3716657
1366302
697362
7564244
3730438
205532
222589
2857756
4419614
4759635
3994676
9607185
3437131
9630052
9952554
5431691
4778003
6556443
5175784
1863777
5236388
4700804
2529556
5235523
8296864
9433174
3093335
4957793
5301591
938218
7609612
4892170
7616311
4381343
2343122
9764223
761788
5664973
9425697
7660799
8250012
1962231
6098388
9449850
7941847
8249738
7895219
2599399
44152
4460874
2594350
2905453
607346
9790850
1622611
8782809
2678304
3966406
465870
9998776
4327622
8377865
6272571
4199413
4830552
4644450
7606749
6241777
9635081
3159130
5598886
6990549
6124127
6082480
5569852
3500008
4752606
7606170
9802970
5832354
1003510
6386667
2372001
2279590
4133454
4463762
2813445
7407205
6079328
9509628
742980
5126419
876630
6851677
852304
1581995
4006134
381228
1353119
6463031
3054970
1187168
290803
5655563
6669310
6296901
8459380
1016543
1812029
2616286
669451
2315556
1070627
6999461
4383747
2230589
4427003
5161055
3973665
7434718
3521371
9048139
8397809
6488573
294739
7501817
375702
7184506
1724691
4694587
3586678
5538971
6485684
8015569
3968067
7674662
3075324
1432898
7965167
4338719
2922509
5241214
3993773
256046
8673702
5907877
4482555
520831
4256240
3037417
8511022
314971
9487472
1763271
6134520
9622267
9227571
1751384
3328867
9662371
9319173
5240404
5645806
6962058
9219259
1343863
2837364
6911934
3673236
2143029
624480
168334
5350508
3446708
5641597
9220302
2246189
9696496
1592445
8977144
9313640
9368928
4521491
1020755
2456744
5064412
8642560
2709796
8027992
9906879
7658657
5593948
4656885
1420677
3073848
4480427
5747985
3843665
794002
7459433
8545340
8701410
2216822
7117297
1935142
5322652
9952847
4072613
7319407
6805985
6645391
6373859
2582858
7924348
4135839
2226890
199479
1286581
6982356
6051670
1674063
1575182
1687220
2741992
1802316
4249636
4128378
5061387
1249613
3293545
6013069
77966
4912687
2873017
6338811
3266015
4781248
4456231
4728091
410638
1436240
9865933
8571957
8760986
8601639
1476911
9336636
2654365
6846367
5013405
9642391
4582123
3170690
7224580
5511479
6469746
5457255
740889
6187865
8963565
4414863
1127320
7468707
1182624
2712154
8272815
4041375
3580692
841258
4116514
298244
1762692
3606043
9873920
1916082
8240200
2893430
6348589
4012418
6691236
4532134
9983771
9454585
4311065
9084036
5576563
6699224
269855
356128
3323320
1254079
4971418
4568736
6911079
5007985
8147831
5135853
921446
5565011
6840264
5757525
3212800
2509149
9730781
2559274
6055851
9971497
8398855
7285083
4082349
2669547
4774769
3191866
7528383
4193667
8218954
2778759
6563508
4642865
4146957
7058508
4571157
6032869
1784444
3023459
889291
5575425
7497161
4587632
5731961
812465
2629298
2174562
1570621
1292581
5841080
3030016
5034531
8666902
5699178
7898079
1326156
710655
6787916
4811870
4543972
5630028
2557690
9263983
7934549
4954011
6494899
9087725
2895871
5233900
5800707
6834913
2070159
9976865
4171515
2416478
2579933
2770459
7087384
6523503
5186857
7762494
1874830
9240795
5714566
3386460
7883950
1804202
1747892
6364150
3243041
6134216
2916119
2558946
1936290
6282547
18406
7213165
7988633
4454775
6150814
4136184
9202221
9882032
9879296
6653498
6997344
3290530
1312524
9857708
9140631
8141559
6573732
9826378
8207544
9892182
4589524
8566126
6439544
3317464
2305359
1650038
3513101
3940923
4406301
9239490
3318606
4120899
9510989
7252083
4281521
5257228
3301232
514423
3434678
5743166
6509589
7007034
4948782
6117468
4701225
7436092
4159518
9034205
7220296
8047144
2365593
709510
8562375
885820
3974370
4419722
3800520
5032071
5091782
6117148
8654154
2327308
8310679
1855180
6557023
3706953
7225999
3796095
5456136
4999238
5387184
7765107
8561756
2770059
858734
1995932
8531236
6907640
332505
3980114
6352690
244469
2652214
6191576
3445459
6901283
7161941
5802280
6492036
4199572
9186248
1863571
4636790
1813777
5120848
6375583
3438559
6344936
3174662
2103158
6628558
66962
9603972
2702373
4166025
1698713
4089209
1578505
6568860
42525
6093895
7339449
2822001
3456888
5203712
6616288
4780814
4026410
2902480
6691700
7331779
3527476
4534109
8512237
3764330
3264473
6832516
2419554
3642432
1985546
8291041
6729352
7755244
1887502
2997290
2747226
3513352
2058647
8622502
8881125
8661929
2329922
3303363
4115635
6362824
8154087
7499588
8345157
8939904
925629
1719639
5397355
1768473
4322359
4067581
64676
8498732
3157455
9845641
1906673
2186616
4757893
2568331
493968
5582272
6684559
4988820
3397323
2251212
3246174
3837237
9328086
7902789
6404679
7427840
1025668
4997032
4038183
5667619
4835987
7195676
8252157
3509481
395552
6971837
7593465
1831314
5956187
743340
7965853
2813986
32449
2818390
7608678
1314102
232767
7075391
1343778
9333505
6491870
2325421
6360193
6783236
9417222
7539090
7637748
4999453
5171455
7826823
4612503
3099799
4883070
9466548
113724
2973621
381657
4061472
2306067
4836917
4758662
8810613
9972225
2098031
4496997
5151026
4592869
4891486
2442002
9800853
9769712
9379269
9760044
5418843
3485218
9106988
8535895
5899896
1682604
2369727
5390968
8666595
7527928
615672
1150013
6441850
3148705
9139487
4977299
4655569
6662622
7740232
2203403
1537742
2456440
9317877
9069466
4171710
3428876
3997719
2514793
4140382
8176315
2451185
3924271
5277543
3269369
2013258
7581719
588325
5841546
5827520
285626
5171079
7313754
4051896
1076599
8072954
1534602
2220007
7864656
739520
3846038
6485028
4671586
5251264
1268568
9971855
7272457
9485199
1558905
3114495
4702291
2152141
5361383
2250245
9924046
2791549
8313811
4357151
1134868
1908063
2099684
9075177
7446464
3384666
9953559
5211757
6640507
6677603
689059
7039928
6512020
3896432
3253057
5376922
9088640
4555365
6870991
4468444
665377
5988247
338710
7343237
3210235
1875021
6353061
1719388
5807641
870544
7452541
1097320
9653603
5174526
3517913
2017413
5546823
6001757
949098
8070509
714148
9940470
4015769
782885
5589871
2066179
2738630
6639595
6745034
5499440
7680034
4877
2994772
9729195
503830
6912767
6806401
2522447
2046556
2983836
5351314
8207478
6458718
9637837
1512749
3418498
5467462
5042530
5256830
8682677
3006877
4265240
1533826
5738365
8954930
6263617
9886984
3861317
1122992
7150264
2073865
6062882
8645643
3513779
6177903
8591145
1676845
5837154
7543946
2487219
2629163
2645892
2495886
4023617
7174221
1879464
3777844
7578850
3580799
2800061
4516520
3891323
135237
6539672
8550518
6520542
5155452
8576524
9854674
6968961
5342804
8023238
9096399
7801809
9608532
4900381
2505319
9161062
1855456
7588096
3589473
8650094
3836246
4586116
2818342
9897139
1304870
4905779
9665389
5381181
7088930
8527350
7625127
8787464
1719629
8372462
7843646
5985052
7742087
2486636
3699284
3445580
7352253
702915
1513798
5565178
3354446
6385562
3187191
2509239
3842719
3166772
9145189
4547533
469758
9429191
3334402
9698233
4789192
8501710
2951735
9924889
4000633
5818484
6221534
3226246
51436
7046938
4520056
8525198
4183506
2381047
3598172
2770386
9379
1508770
2417720
8937389
1139702
6620228
1789573
2576526
9612770
9648683
5368690
4441145
1175165
6326436
8782103
4928315
1585970
3603782
7433979
7466231
2448585
6162930
7072052
8944377
1711506
7105830
4273668
3885842
1982790
8674398
9964556
6726555
5177366
8066324
8587208
7125494
9430036
8037705
4408187
1220669
818700
6032163
6648998
1646674
4428768
9537358
1210360
5365864
9230381
2593443
9260319
885379
8519465
2911461
3407276
1642763
5734716
3723714
6084655
4135370
9064044
668323
2249444
3474316
4537309
6416621
5072192
5821348
6990978
7291711
592751
923206
1241343
6894009
6203663
9404894
4246088
4986861
4221513
4537516
3446799
3371215
9084569
3508868
7577969
3788821
7347730
3039559
2599291
7999023
3935643
4990003
3775713
3976854
2179513
1273517
5243459
2671697
6871339
2177033
3935409
4470218
2668697
9227728
7284343
7238892
3270706
7351192
2614034
4439504
9911593
332853
2238381
9255554
6764896
2044624
8318411
3992152
4974725
4496815
1777262
6218981
553710
5924043
4937453
6920919
8384529
9970695
1055198
7766499
1416354
8671671
4741835
7624018
8831150
8109374
1558420
6911905
8094615
632249
6890372
9838775
2311257
4457408
2539582
6054994
465904
1289946
7553262
2850614
1210354
6029084
4776511
133449
5345089
7873290
1620243
4755734
1196838
2565372
6002491
9626501
8147237
2315605
5626086
5811102
2821740
9945168
8688723
2215132
2884004
9051894
2994947
8671923
2277980
6161267
9922478
8780192
1238482
2963166
9291120
5211274
9001732
8579127
4416191
1967594
6691418
1363975
422297
413591
2689201
1504209
9323913
8390140
9884706
9107416
4685726
5502952
1729918
9794563
6829790
4118359
4674998
8403764
3001748
7080772
7032702
7047224
8776912
2796989
1793056
8341185
1143294
7769752
7688562
1036295
7949088
5092453
249034
1209677
4867820
9750021
1137320
8194250
988418
5313425
8935781
521637
1323869
7686508
1613961
4368573
3788387
6874433
1308169
4872472
3587872
8180540
9207249
6241262
456675
339728
6573262
9731996
1796336
5205539
5761626
6980955
580395
5052075
9002480
7669631
7544450
2274752
8796375
8334163
2656181
5601742
9498564
4471190
3105350
2070847
8570119
5109245
7905120
419531
123893
5166594
1439419
7222409
7590185
5570967
2096678
9342140
3684847
5771309
3413650
371638
6577351
5954335
5015067
2561862
3406942
5978900
9008304
3936672
5162427
2356123
9244558
4593301
7138884
6307594
8255659
2862875
1468478
2080017
1167540
9544995
4522953
2005246
1896274
213265
2559770
4244002
1577519
7259878
5180826
9254755
4756335
3777056
204524
1101373
5188784
8357630
3161133
5702433
7844072
181293
2097144
1758438
6198035
3032260
4052328
2073180
176453
6439530
7926557
2704106
6924247
6459152
1795028
1096021
2226627
2976419
2353100
7852162
9970046
7641541
8376481
988297
7854082
6005266
4091564
1841787
2534261
2423372
6350081
8965090
5065269
1280037
1039285
6896881
9035877
1050838
2823333
3182846
419686
8357293
3080449
9559589
9403207
7260000
1075966
1382448
8162560
5506704
5793559
4984653
8313296
4010520
9750766
663333
2647274
3574606
1263306
1989316
8067021
9079406
6345333
6517252
6384341
7505558
8360403
8207224
9669079
3307138
1072090
7442904
2393443
5353938
5125200
4435614
8031994
2725185
1599843
2341237
554734
4427900
3092570
1737482
1092132
6340292
3654202
5794374
9315397
1019585
6208701
849383
8270887
2370634
7370270
7417076
1576588
1509982
432124
4300378
1071304
56465
574851
749879
2318906
1771256
4662151
2688593
9771122
1791634
8951364
6148509
6248924
635321
358615
8520476
4135576
2180021
1868720
1521988
3088710
4853844
4787629
1435289
198248
5283404
1507150
2413030
6710648
7800823
1371003
9942430
4229726
2902397
1737071
8398308
8841446
5299305
7628705
5397861
2268964
1924809
2200972
6971804
340346
1261346
7998074
7672624
4159545
401741
9328691
808305
3484368
4044230
2010209
6329764
9143971
7926505
3156334
4449932
2421698
9356017
2757628
6793469
831835
5780803
4631945
7209041
9472872
4404355
7539712
9664510
9903564
7738718
5456451
5046935
8960819
9152650
820486
5786057
9680666
4399861
7533509
9802490
5283774
2880344
806572
4323509
9939210
8120060
4453014
4655983
4958688
4100074
7828938
1545173
6476479
1612920
251558
668992
601228
3850102
2026633
8824401
8419030
1805637
6872987
343629
8268483
3785943
6398664
2090030
2848681
7310653
1025412
2415599
1386269
1741821
76598
6734095
2170859
7991921
3296961
1831675
1893396
5634744
8229729
6849366
5767919
9558707
8168854
4889720
5376938
5839663
1574099
1922706
559593
8304702
5167889
308289
2707238
2731143
8590748
1099081
6951777
5129464
1122679
4377821
94399
5173571
533167
1946984
9630426
6785292
9437063
6185311
6969403
7179859
4568785
2787935
8926700
3065744
7988648
7323406
7113277
6371523
1505601
3205186
5240119
616673
46310
6970167
1859336
2743499
7150863
8405895
4743125
2065774
5021929
5935807
4514843
8806492
3676760
6642120
6338585
3686056
5201987
9190338
993619
9455517
4021689
9077975
4209231
607067
3944137
6326310
9085300
7371070
2996759
1172351
920370
1424286
7579654
5485146
7270809
8297885
509881
5225657
1691942
9337963
6482698
7853851
7742741
3903675
5627992
1460898
8947937
8457069
7173561
1944617
3842829
5715866
4081106
3010891
5965685
1295120
2081812
7081801
5414603
2932335
9344739
1467464
1676701
7031876
8608407
3412005
4345338
8163914
3250025
5431205
9870529
2024008
9218686
1565676
1455622
2543125
3952823
5669907
7065443
167000
4993073
4634971
6520849
6968852
6895750
7323704
3586746
3906252
5597353
7473921
9361138
8965131
6538611
3641731
4126779
6159034
5969050
3683218
4402194
2753731
1582943
8215788
6520117
1115229
3041962
8565363
4524808
7356289
3279941
6104747
341407
5482609
4890091
9738308
1520614
976464
7357345
8877964
887006
4007501
4988370
3975342
7299055
9554362
1678583
8107707
7622795
2102320
4180693
4920384
4643914
4297989
8142639
4340213
1431111
6295945
8042967
5931896
794317
9809292
5980468
8637731
7857579
8360965
1402516
2207685
9816107
1471117
2475921
4878627
2430959
7554121
6575672
3111197
8474356
2626712
1086856
1625387
5839462
5224902
6803128
199821
8818795
5228927
6775024
9364846
5104325
4131580
3553045
8469158
1258371
8942762
3144133
6814650
5400215
3321392
760321
4419642
9500774
9939490
3942332
3470927
6684826
291183
6914472
4710258
4117455
9556440
732524
7962312
4319125
717580
2772252
5399265
9473428
2080049
3986480
2639098
126524
1695465
7374494
3857871
5771479
3340066
7491316
6640782
9975475
3758755
4285947
3038759
8162976
5041440
9758663
7784226
5966047
9337371
9140322
1731020
1400689
7308939
957504
5806395
5623715
141288
8540887
5587556
564636
5880668
9982062
7623127
372754
3352820
6636408
5135022
6440645
1810244
5372658
329515
3077448
854245
1528309
9254189
5125761
1766772
5770958
3658149
732324
9254222
6732045
9478055
990409
9984018
9107764
1503686
3375709
2383026
6374094
9806329
5063881
537708
4591762
6595110
3956260
566088
9071276
6205867
2808194
9807380
6449555
7170549
5944230
5170314
8964805
8098419
4617202
2330237
9034900
8040232
9832025
829683
8587802
3117700
3895007
4151737
2257311
943223
3765871
5124293
7257633
5238988
3178772
7174966
1345381
3031676
5023509
2565477
1104498
5375515
5962979
3565731
9290659
2736621
650936
9958221
2857411
2778019
2353484
8540595
4590036
7640425
9440378
1205564
6392891
5164476
4810280
43663
1128570
9907209
1142437
9299316
8903317
9259215
6294760
5001054
9520219
4755725
9291592
1897418
4507305
1343790
497666
8768151
8311057
212531
8683243
4240167
2598262
7907720
9265073
6443735
879681
2847508
3255554
8256155
1074126
7269790
4606813
5268807
2822213
823161
8944042
1676911
6635841
6589842
8115171
1482597
953057
3011428
2505440
5497369
1814652
8918795
8171278
3816710
6614101
3948324
3612924
5769125
8888428
828133
281051
7756682
3859320
1378126
7521154
5300952
1504996
6214516
2997846
6074539
9653071
5721068
9572157
2433476
6674976
3046322
8211796
4755723
2451614
1460815
1124936
1096046
6378849
1016329
6999322
2276803
251116
6412180
3036572
9398771
8947024
237426
8558541
9189419
8498189
2279134
7123861
7385272
3569855
9521464
1080241
1952593
4377326
6348122
458512
1647782
1339308
2643936
8859903
1503287
1213294
9236790
405639
519602
3232750
6863752
4144611
3232940
1323506
4804693
3677861
1298176
3021362
3877806
3665478
3774454
4893579
3528888
7064772
3039469
6936430
3966
2888238
4950362
1633449
4417685
7331754
9537598
3584919
5077826
634744
1424277
2588662
5766844
6779659
9641917
2038996
1232978
8823198
1567893
2173501
8627543
8739182
4599521
1608538
5796559
9178306
39275
7687579
529724
4339862
2439071
5116994
5406656
7755400
1532809
8687150
1720415
3007432
1218754
6685465
5988588
1049360
1983710
5168876
6655
3305843
9936158
7288645
9282755
6242222
5671632
4437910
6576810
7825129
8309569
9361121
1572884
8233333
1926635
5802735
1686121
8712896
7478929
1154713
3754264
2201124
1694299
6254577
1795127
440464
3403866
9669210
5164850
9973666
8158616
7572550
9036832
6213818
5964465
7118002
8462704
7375490
4771479
8050707
3188870
6117775
4502038
3884709
4385059
3616501
8148338
1793943
8542855
1120576
9420421
183736
6577941
9376684
6997857
2099317
1861908
5190340
7825346
5529631
9662724
3429884
4380433
5695720
8437660
3703128
1020217
3902598
5904569
9222919
6974875
8033205
1014616
6065115
8933627
8486401
4973583
4773573
8839375
8254851
4583827
5491935
9532428
8806813
7097671
4100026
3351363
210188
1560483
3088781
3119537
7586728
5405783
512460
8423895
7854838
7600813
9880883
8138177
6342723
4865036
7849237
6503796
9722449
5675607
4684019
3878895
4417378
3236595
6043067
1508810
5162846
8198285
9772312
3435357
6226177
2781978
5782167
8215627
4753229
2412368
1027303
1335096
5853803
5120810
382773
284156
391732
9241302
2878474
126489
7083744
2053349
5847987
6544474
4094029
9305425
2032761
7560027
3740980
6286684
5745467
8498611
8191581
8495796
2810474
4685040
293569
7882573
904638
4931988
5648780
7325412
1212436
5324961
9816237
6284152
6509039
5641579
2873854
3746115
5324101
5784304
693214
2482817
1152951
1882436
5663729
3448275
522188
9646487
5390124
2657552
6659604
937602
5277021
8076015
9391592
1224856
1297355
6995354
7530352
6508978
4732755
6068851
4175661
6563686
2179404
3592596
9519212
6312567
5317394
2155660
3697363
4220679
6895477
6437466
3726965
2558361
5948558
5597948
9876818
4067112
4455791
5262229
5641407
1925631
8501814
4964740
155048
9315168
6025196
9295079
4717234
8940057
8452510
6631914
678991
4321570
5772197
4215429
4862227
2426116
1484382
306793
4281549
4292361
7238219
6849236
5913215
1441075
5069905
4789511
2377427
7076585
1091692
3943491
2965672
5124726
8696850
7927696
914536
3974219
3514948
7760134
4166907
1775437
1711951
5140125
4070433
7342450
5796183
3473503
2394691
6374757
2475116
7234252
1579193
5910909
7693095
820784
7266660
1652903
5172336
7387323
1735431
1684659
2940376
1717586
9049546
3109980
9264788
8384023
678034
2238660
3224632
7768742
8770726
5036358
1399793
36408
4207479
8963374
8339732
2501998
2233897
9476437
5481527
7021588
1037075
1441174
5956457
9567978
1996147
3872864
4798617
3415948
8730137
3147723
4100496
3266298
2762753
4708148
8814775
9876773
4409561
4111332
6737600
769045
6312585
7994493
2514621
1683116
5796832
6248828
1064976
7150019
5351889
748591
1886674
3083422
7481356
3813727
8807574
7315561
3584395
1084584
7889668
4996799
8246258
8917847
6060586
3453377
6261590
4001251
4055728
1258019
2920578
9263907
9158129
6248830
3073621
3948711
5807457
7607730
6897390
4076048
490581
2167083
9406684
2058796
7330642
3007606
7600004
838963
6784175
4721721
9478982
5834215
7832958
7056320
395487
7678853
7982887
2075512
7001686
6519164
6823177
3527396
4949676
8537655
8558196
2713037
6880647
2815523
5994350
5617759
3310034
9220865
2020893
8337874
8313820
4186149
4267126
7075887
7981893
7831912
8378703
2391849
4604826
8395281
6095652
6591488
2286944
7240247
115560
1956264
558935
8457132
5917935
5204166
1727936
9539331
3719176
1197076
2085030
2266576
1159746
9180438
8129671
1799913
3619216
2304813
1508667
3379562
1147398
1966514
6050417
3039009
5609656
8009944
7549461
909444
8163333
5804471
4490558
7821683
5383040
7530996
819924
4785082
1729807
9093613
9799909
6526378
4824201
338275
3159128
5958696
5887448
3500666
8891380
9048433
1338587
4172627
1273072
5712432
1103779
6034939
2125130
705910
2531086
4025097
2350450
664672
1009288
8493528
6606964
4416386
7482703
3971580
3890988
6876961
5855774
8234254
111487
3527550
3528331
5784014
3283389
3537428
8066723
8396078
8758987
4795076
1665330
9232919
7575978
1369805
9098950
9612944
434002
5186220
8287503
3449488
2515563
2070063
8860030
7172083
6287265
2989798
1051008
530196
6922216
7642143
6906329
2597811
5494121
6016889
8772692
5990436
7268102
160202
2359424
8517506
9080692
4887205
6988900
7507969
4223005
156683
8318841
7517981
2028126
1059537
1278070
1487151
5615686
9038879
6459783
4331448
2639304
342878
8963643
9521597
2202867
6938034
7760606
2292023
8919038
3715564
8155340
1921618
6174924
858506
7179917
7373143
6826888
7578169
7031860
2849301
3744955
1565926
6093964
2707100
8301487
8688421
2119374
6813421
6053284
6179179
8399731
900798
1623256
263960
8460404
5387916
4155334
8910100
8430647
3381524
9695907
3358678
2549441
5383657
6457774
6427264
8118806
5354199
6554348
6982744
7509240
58807
9034713
2986361
4668615
2818669
9064978
6878071
9851217
1595002
7182611
3407078
6487829
9501637
8424908
4503037
615723
9754665
6237189
6285343
9854932
9744536
4245394
3626776
8393253
6116392
2335842
3992101
5415987
8426710
5280280
7928027
6506874
24312
6057312
2766784
7203929
1271887
4901862
6270764
1082932
9008120
2579477
2487671
5128256
5887930
7261164
6812895
6155351
3120775
7925406
7910547
6320253
1750128
1914848
7071776
2774017
3578193
5807006
7882429
9613159
6694521
2896263
1777327
4119612
2686028
7691130
1732229
9952634
2684833
704066
9689577
5853919
9902028
2179836
3457380
5857759
3134228
8143368
4761524
2437832
7632941
913707
1063408
5072477
33881
4980013
3848375
8358174
8220843
4065090
4729612
4144787
1100086
9822124
3772826
3774152
8998483
9936270
5989799
863237
4880163
7011741
3537464
7679127
8513387
3414513
490602
776377
8247903
1756258
6584794
7589003
264807
8962184
1785688
3218033
2505985
1697172
8132199
8487577
256555
9259787
1821075
5681740
8800848
4574802
9228491
5266116
917467
9825215
1816301
8391647
9980610
3194114
5357870
3373177
7042803
2392603
6702717
874938
2391388
5460836
893585
2552357
3145893
8186791
5061834
4355888
5914649
2250178
2529091
2345725
9607017
6505780
5757660
1346987
3520081
5252002
4535855
1118924
2815676
7780373
1447393
802864
4668837
2381893
4704507
4259406
8146714
7090247
952515
9665017
2422150
7390196
4160833
9717908
7927637
993347
6558797
2112126
2419576
3982338
366223
395110
5706943
9168355
6351045
4955498
8145920
2801817
7981722
7709683
2842786
6137165
6945205
9878780
203497
4661928
3896693
3895567
2152744
226094
2881953
5313224
5864798
8499728
9004735
3591918
3228796
4483530
8214274
5198144
6749632
8944453
3879428
620972
4527840
915250
4473812
8965295
9024848
4964057
7326646
3247753
6611743
4238106
7816772
4158876
2580525
5350190
7834668
2216389
1952737
9105027
9994875
5345697
8828292
3384879
2831674
5194135
7334915
6492547
9360876
8246628
7812047
9399859
2644329
9726380
756319
9202186
9313681
2784104
2550901
9911763
4333799
9897963
8516565
8498475
9716844
9961412
2497290
3734821
4184527
4819348
4814158
2986192
5402490
6273798
2405620
9603787
6614992
1631865
9077522
1642000
9053927
8120447
8883791
2494551
1666042
4188547
2395328
1958437
9895859
8080185
4408234
6948641
3616352
6486980
3753178
617608
4212648
693192
5871171
2908219
6572929
818679
8644391
2193219
399654
2013635
4015353
9279209
7791988
3900827
7977514
8266384
6998002
2844059
9945152
2492358
5143070
8113131
1567903
3227436
3446227
8835392
7852584
8271068
897487
3211095
9376861
6032328
4311612
1549560
1515570
594082
957418
5086872
3611015
3078714
2399823
5672954
5955847
2132790
6856092
8408096
6246727
8850832
7332614
4255873
4453588
1884944
769415
775827
939583
82376
4382294
7492605
2329982
4961395
6858815
4699653
1164679
2829379
7351077
5799115
422208
9431070
9482276
4166875
2874886
886689
751459
3737258
9824204
66830
5935452
3638160
7417462
6664639
4542947
8708830
158398
3249160
9594611
5933449
8371730
1914507
5127085
2551795
7903737
7774017
8688947
7226697
2157720
7085938
2160979
3873386
1190502
6146951
3288526
2355271
2715106
9260822
9870502
8343938
8151675
3689944
1609441
5306839
2461091
233633
3737036
6560728
8427203
1507283
7280867
1085773
8637330
8934648
5369349
4851502
4636483
6629208
6322553
1571653
1562093
4709228
3575093
6628491
9830997
4592008
9246583
1790777
5054078
6480945
7691506
1042774
7317111
9032747
2610230
6673843
8067351
9709630
8107098
5456150
9437789
8178724
1351557
3019329
3096393
5572359
5327615
9992068
3944017
4430664
7140186
4036433
7742301
8376617
8656870
5066348
7553554
3480493
6042832
8533651
5188652
226582
5640862
4436551
9342792
5998534
3745800
2807214
4101190
4414959
7405083
9422061
3419813
5666761
3200762
8583709
5059911
9113026
6431650
1287205
6098657
3888502
8810206
3061822
4784613
6042451
7607532
2690671
5090030
8454700
9200278
3897218
6758687
8656741
8246767
6931749
8983211
8167495
4645459
4642995
7828000
8950365
3312719
9344057
7595386
3572268
6512258
8159961
729042
515347
5142231
6634915
5512733
7707451
3990357
2890681
9478010
39728
7627458
7066958
3411785
1144809
449042
4322193
2992013
4680591
7485057
2616463
5711134
207537
9353524
7355180
1783298
7581093
5172814
1559408
7236676
558662
5631136
2594248
2820872
93005
1394995
8757236
2572096
3222958
806386
7721862
1168468
8760094
8193394
1778940
2323799
4814410
3247396
7848629
5984353
4914884
2205905
6462165
1506217
3339919
4286526
9455959
6567220
8314251
2355853
1357062
7716907
9846154
8349774
8142402
7634725
5927393
7917432
3627324
4986827
595026
2376488
9490355
9917975
7225479
4919479
9367973
4399895
4701858
2143102
6456759
1089564
5356004
1487178
93200
2447008
557361
2853885
5829177
5394722
8694218
6159671
5282486
7661913
659515
8994998
8715865
6581913
7748630
6880737
5548969
3898418
688359
5479798
1278848
1239918
6412277
4592800
5033535
729279
884526
6966144
8868109
5122336
9947685
8805067
9785971
1594507
4014649
9183879
5044620
5391741
8045910
2253653
3893202
5917726
8974982
4494205
4700301
4501476
9374958
5986693
5344561
5776669
2496401
2034294
5074265
9248724
7309770
6061575
2691475
2419692
5066718
7898155
5777922
1412791
8656042
6792815
8848844
5911473
7730477
4067424
2779073
4484603
9752465
7612914
8984197
3075068
4998629
9963037
7572265
7844859
2901879
5365232
2213438
5897299
1827835
1374847
5964214
1420856
8779512
4646391
2451145
9483432
6202640
1064849
2466966
6726272
102252
2996959
8636833
4106053
9371067
5920133
2172761
2979202
1432676
3799772
4006178
3257880
6955207
7330007
2957570
9992404
6657326
4353355
9595291
381312
1093662
2970738
911820
8222165
8354527
5453627
2718274
5799173
5181470
7628715
5990210
4415359
5015328
1393523
1947213
2314493
9979510
5078421
2789315
9338601
7126284
3814741
2904463
1959530
8241418
4864558
5690815
8622141
4954116
440857
1188645
996972
6685412
55408
9159648
816338
7971554
4697089
2574427
9514257
7965369
8837829
2304288
9154459
6912271
5190337
7387444
3553517
1379552
72946
7463133
583577
7766762
4015471
6434943
7310133
9468569
939031
3281435
901913
8200144
8113822
3480173
9128161
3482257
9109248
6167982
9032608
1821766
8829120
6836925
9499629
4246243
1023570
3833700
8835524
2950538
8129167
6415229
7390325
9247112
9243850
8168848
2701672
5328357
6345906
1109970
5258432
535713
6109813
1105446
2551365
7775637
8641748
3630147
5756041
358224
7588677
1933982
4686014
9789788
8414773
4297652
5841423
9411849
8536502
9859293
4974169
214181
8470229
5164306
8672847
9085612
2095878
8158862
4460517
7474375
8040295
7999738
8513662
3578931
7375574
1282988
5118526
3762761
954215
5944859
8471631
9571516
7869752
1731520
7336625
8426117
8048350
2031613
4978774
1721019
6760527
3944915
2634787
8936827
5297160
6253792
8317140
787150
2955112
6738007
1378341
8919029
8931710
7563106
8956827
5776087
6460809
1010994
507854
4190898
2794309
7950016
9546344
8500221
8514516
4305769
2553790
4780864
3342938
8965569
8971556
47929
9609078
246292
5263290
8963583
7600984
4244738
1262204
3906233
6901061
2203762
9438976
3048309
9524180
3914233
7151813
5700243
7815724
1278007
5345862
8455966
6605777
2892209
7038792
8709779
249095
4726637
9486568
4265756
8865844
3006549
6741029
168369
9197141
9821585
5615452
4167619
4049636
4681799
195632
6759922
8842689
3369437
153318
155119
6795368
8642590
9722219
8316365
1324097
7144155
398911
283428
1693636
2745599
7334731
6366928
9879243
4591598
6664716
9269470
5401179
3096636
519401
8427037
7871519
715557
6913703
238538
2353725
6032921
9780695
5177894
8894134
2095731
7625309
2960413
2966691
7722298
21394
647339
7379627
5444684
4790606
986334
6840328
7358649
1103773
3009770
720601
9580764
3173281
1146978
3702798
6582152
9752529
8037766
2887187
1748154
5650717
477476
9144657
8041100
8188536
7084302
2115147
6806628
6146003
6203866
6804317
2924953
3429717
432605
6558551
987090
4514407
3642829
6632996
3205278
2248040
8520771
4170538
6214247
7979769
3691177
7087523
428941
1470753
2519737
2502834
8224933
5622830
1553249
6544695
4082968
6948965
1881769
344545
5455372
9330451
1290624
7004345
684543
2477900
2384280
361690
7476367
5785150
3190059
3078255
3988776
1286633
1649349
4953870
7930469
1094894
9708600
9950747
8328822
4167527
3397650
1414175
2595353
4666763
6804744
2214343
1160012
5287339
6667853
8190420
5430395
9913375
1473179
5340003
8480187
6084337
3317876
7542744
3368680
558323
4341133
2117055
3499952
1424938
9182653
3787649
2528058
8386849
6936354
5521138
6450274
6332681
5545544
3705222
4759868
9137471
8645238
6225273
5880430
9397527
740007
5780158
5692856
6246841
3860864
2987959
718165
5600831
9220013
9153007
8318482
316002
4382084
4081831
817359
5113371
29841
4826511
1573778
4452099
5390758
6034795
9342468
3762087
2126232
7465488
3315703
3308174
9645724
4012334
3173518
4428788
9166778
5489034
1832734
1745181
8042653
5326807
2211492
3011094
9478397
6850011
8198994
8757507
9105683
5582398
682922
1833423
1440223
9341727
7413834
3208953
7862206
1801077
3007948
6771635
6137767
9183200
6514643
4617498
5760621
6989177
4271369
8512106
2564375
5714233
9930384
6099140
7582912
1624557
1186536
492847
2993344
8099166
2697095
9463105
4375347
7130435
8851890
6341439
1783182
8913368
7065902
161021
8710497
7273275
9204221
4247097
4529612
9177772
9777044
6027492
7838620
68498
8632493
290871
1499245
1593595
7611813
9730407
76402
7222753
5883290
533687
7180722
6272838
3513672
2490270
241036
5668698
4361315
4095444
6112090
6904288
3513054
8705601
8638292
4273357
7281643
6384044
8069013
451349
4958447
3327286
6438569
4775346
2087776
4829740
6738552
3761098
841051
9418744
6548443
4779520
5019999
6273243
9234826
961755
9199889
9955331
2966335
6872495
7510964
4957282
396266
8493000
8468443
9826994
4537437
6938476
1072116
6741472
2779104
4096608
9979008
1845197
9371816
7629394
743412
9541766
5504578
9182965
5253385
5434568
679710
8127039
3899478
9328666
8675799
2427771
6270626
5334344
5654318
7140085
1306217
7559224
1506847
7322805
9971297
2660629
3327108
7384232
2467699
8152264
2771937
6646334
7401782
5189781
704325
8948707
6298141
9124935
3894399
6541526
9044146
5926317
1278333
9889560
725209
239954
2571551
6409200
9200569
8714681
9572164
470622
8856402
4971932
9255698
5046569
5401634
2213227
1101047
486307
6351128
2804063
5058744
1331784
744496
869197
2845250
5192301
1131496
6399203
8733288
4611115
3683741
7974451
9927263
3403892
1759239
9384620
8153882
816246
4597156
8247483
5955695
2559287
4825609
6985033
2628347
3888339
9394089
133653
7957066
881407
715245
2495588
5195681
7198899
1368571
1125224
7141132
3711237
3517639
1938971
1564935
1462169
6233720
264574
4604891
3688679
874305
8394948
6685885
5639643
5243139
9760023
2219017
7438836
3967023
4799750
4303319
8914225
1689291
8637353
2905778
3308720
9158954
8902462
7394395
2460353
5715288
2731412
9154490
4780303
8142773
1427460
8618385
2938019
3882238
7016358
8135524
3015191
6454670
6914648
4865369
1359380
9469836
7163
717806
7737345
6879961
6774656
7716661
6469502
7967532
7815103
5839599
7109717
7982323
7161767
8952299
9014685
7357359
6994629
5711128
785533
510055
6018356
121214
6962033
1770293
4617712
6718752
2938454
5558354
1937587
4705987
3960141
1309044
4554839
6079825
7780667
7144506
8634920
8476240
4896172
2248979
3340926
7905296
8505831
554474
7314988
1692870
4792113
5382055
9233383
6449223
2904299
3090677
1234946
7097946
767568
4567487
4157666
7876008
2604933
7979813
7117543
3639196
112274
8407801
4790479
8196321
3367195
4536697
2528178
4437297
4382909
3294382
9234144
9047424
5599908
6456404
6136334
126446
9561361
4856279
6781490
3825188
1827824
5948141
2998527
8489749
4296688
2144104
7071286
6009956
7166345
1640068
7722331
8080209
2121881
4961186
865429
1215868
9385080
6730680
9888995
4023409
1438836
6971614
107850
7302883
5989183
3423546
3416755
7078304
1478351
5177435
6651402
8770038
1918931
3913789
5339502
5323050
3165839
3787352
1064708
9842497
7020563
2925277
246470
3656559
2957080
1546207
8335520
1254241
6355640
9853552
1613002
7811689
8341110
4467869
6831895
3277406
155419
8934317
6508949
6132786
8046839
6073986
1057977
3077281
9336086
9945311
870556
4000102
6696203
7018643
5183743
3323989
3715730
4694969
5989571
1633300
5857164
7437677
9237130
4311940
6571586
7181352
7446481
3438601
9844163
2974212
8302997
9722528
5118962
5082951
1365050
3258823
1195366
9684820
2711765
9379829
5138231
4295953
5108346
8323012
1895925
2638439
6746038
9981462
6322918
6684350
7513908
3693666
4121350
7646845
989090
1825814
9898692
1909528
2701099
6195691
7073673
4016449
6999160
1662215
9966262
5069942
6946968
8782697
4082609
1976912
4135628
500104
480744
4306096
1973307
1840919
5494172
5007191
9035339
9802670
8186733
1680392
8891682
546567
3400166
4581861
2659463
2902877
597589
1721460
7203128
4838543
4026835
2130824
313631
8452155
8309239
5615307
9916043
1035183
6829649
502942
8656966
9650082
1264452
6886538
4543347
537719
5458312
7107990
9655413
7190296
8058437
6600390
955609
7701159
7571053
3700511
1636497
8057163
9604686
2752785
1552885
1384072
4254287
178245
1482696
779474
5756933
766363
8940165
1279307
6526316
5416844
9720203
8577865
4409479
2934687
5982875
4229617
8888680
3177471
7409853
2029882
804847
8410046
2177147
5992554
9906151
4059881
6471415
6149990
9456660
3382050
9313672
917827
5999062
2162165
920545
2458466
1582546
1473198
919826
7891063
7601187
5157598
2209827
4912992
6003114
2679368
1256920
2234272
9734591
9642694
9364838
9550603
5771144
5559731
4140130
7161095
127954
3451322
6911685
9801559
2969026
9499007
9065104
3833547
3729280
2845183
1820035
4163346
2473201
6099485
9879547
921425
1316478
4175448
7315340
7342846
3006819
2147987
4675484
5750478
7105674
2158790
8512401
4965332
6336649
1201806
1274080
583252
7967913
4525721
4437368
9751593
843453
8993972
4527689
2194699
965795
2068532
4760156
1958692
9661681
8954132
2772482
9339478
5165422
978941
9985539
3603188
1413516
6416563
7829161
9978346
4435720
6384022
3598039
1761457
5031023
5950065
8531871
1984738
2604748
1745938
9602647
3458839
2302658
2889156
5506237
9483754
1467405
1316033
2882746
3699684
6074883
3304687
1562749
4771683
3131191
5584485
634435
9763824
5755699
603341
5766203
2797209
4253602
9706613
3293581
6821918
2543944
9714774
8441802
8845706
9493776
9905645
881005
5310160
3952901
1267929
5422736
8441649
2790548
4216143
3720251
1165198
954155
7573396
3578287
2379129
8805307
6313936
3175304
8829400
5005643
6643600
4888046
7188082
2434418
7431508
3766388
6011804
4756308
8795899
5035326
6873188
346336
8086660
8416662
9069467
4383422
4438906
41645
2778486
19904
8363920
9974064
447825
4843577
8348677
8853719
3458314
369429
6667874
6185676
344403
1296872
635038